0.269962 0.628372
0.100060 0.757804
0.758250 0.314129
0.164060 0.686156
0.923764 0.629166
0.110345 0.381194
0.774322 0.614145
0.487338 0.150913
0.823472 0.977911
0.430087 0.579215
0.314479 0.469705
0.356861 0.245168
0.225936 0.870902
0.637177 0.579560
0.255683 0.418226
0.483485 0.951259
0.536627 0.981072
0.272803 0.964076
0.234328 0.031256
0.774321 0.215667
0.097741 0.566151
0.206420 0.744716
0.343508 0.359643
0.611275 0.900293
0.558670 0.130239
0.349709 0.294652
0.324066 0.564730
0.278532 0.292614
0.293565 0.222156
0.879880 0.505787
0.244745 0.691892
0.251119 0.121455
0.696460 0.398473
0.736670 0.507701
0.169510 0.516152
0.974512 0.600313
0.895484 0.217610
0.283225 0.888262
0.148889 0.031134
0.266462 0.519508
0.551725 0.498289
0.269103 0.823410
0.490041 0.746827
0.575909 0.243539
0.900741 0.339788
0.266403 0.327637
0.736942 0.265273
0.561425 0.583244
0.972840 0.981371
0.289249 0.070608
0.103000 0.500311
0.317104 0.958023
0.761252 0.768941
0.488382 0.032987
0.049608 0.816912
0.809017 0.874289
0.396347 0.345936
0.450269 0.680328
0.841084 0.272552
0.537696 0.190182
0.085509 0.146994
0.813568 0.756066
0.908013 0.272253
0.901109 0.766807
0.130127 0.193021
0.795232 0.825548
0.429769 0.786040
0.030638 0.121720
0.394634 0.649809
0.417130 0.194665
0.455289 0.365492
0.900462 0.979693
0.286152 0.381367
0.863464 0.812461
0.500016 0.568687
0.963905 0.317893
0.600676 0.527250
0.962865 0.103719
0.966377 0.255947
0.195496 0.212741
0.826469 0.035859
0.366171 0.750225
0.802821 0.944571
0.340525 0.422835
0.480099 0.820430
0.600005 0.185237
0.354951 0.518241
0.653634 0.862933
0.974802 0.665069
0.538782 0.051531
0.386476 0.474802
0.723411 0.038701
0.641024 0.364890
0.264754 0.569340
0.966230 0.187353
0.731891 0.694283
0.032084 0.773349
0.532285 0.300061
0.666430 0.513107
0.841733 0.370749
0.789411 0.494802
0.404090 0.407053
0.976636 0.840473
0.368457 0.071611
0.686569 0.973251
0.842505 0.716985
0.629582 0.036813
0.204247 0.643394
0.899762 0.566076
0.842421 0.601355
0.177564 0.400965
0.732909 0.156548
0.076726 0.225725
0.167555 0.790389
0.677962 0.043640
0.491868 0.514605
0.034309 0.459379
0.965798 0.717515
0.576784 0.040404
0.598804 0.980310
0.085185 0.088126
0.398591 0.934683
0.363998 0.189029
0.752984 0.910205
0.713400 0.628432
0.671303 0.801435
0.938536 0.496565
0.138537 0.625541
0.138211 0.450482
0.029068 0.043304
0.556485 0.740236
0.376924 0.587453
0.078253 0.033393
0.978907 0.919840
0.441960 0.440319
0.236755 0.250534
0.594221 0.299025
0.186704 0.299461
0.728985 0.835093
0.310500 0.687400
0.816687 0.311557
0.449673 0.982422
0.400085 0.032100
0.767777 0.380485
0.705392 0.104893
0.810974 0.555225
0.868075 0.064225
0.076311 0.428242
0.636463 0.454850
0.167222 0.144263
0.788031 0.428082
0.538454 0.816033
0.973918 0.545365
0.464326 0.210549
0.848214 0.466994
0.940518 0.906723
0.740721 0.976607
0.929785 0.824725
0.960784 0.036238
0.090659 0.842408
0.924850 0.115875
0.793049 0.675066
0.317588 0.031449
0.143588 0.257209
0.592100 0.828710
0.040809 0.511600
0.037205 0.333755
0.705970 0.447144
0.556856 0.915182
0.615023 0.768322
0.030561 0.962299
0.037251 0.673659
0.032349 0.193525
0.158604 0.563892
0.907691 0.034510
0.592112 0.438803
0.442734 0.887367
0.151718 0.089746
0.708157 0.751679
0.776497 0.099240
0.882390 0.413073
0.658572 0.639387
0.508968 0.248118
0.597617 0.363627
0.369046 0.979126
0.480368 0.624824
0.405292 0.716523
0.132850 0.332253
0.397463 0.838839
0.416008 0.282420
0.645740 0.955577
0.077975 0.965435
0.236390 0.169284
0.704553 0.224070
0.639927 0.236609
0.205931 0.359990
0.496614 0.103359
0.164683 0.831950
0.542242 0.373196
0.153499 0.889967
0.655379 0.710762
0.220127 0.970341
0.307204 0.158156
0.455973 0.282774
0.569097 0.634444
0.428311 0.518842
0.511835 0.884848
0.671612 0.176111
0.208145 0.068621
0.245503 0.477304
0.034909 0.387927
0.037339 0.562817
0.029539 0.885650
0.188772 0.937507
0.599607 0.684451
0.659397 0.290050
0.486552 0.452666
0.882396 0.930575
0.047577 0.713854
0.800289 0.150580
0.032881 0.267777
0.037082 0.614860
0.088638 0.906270
0.829849 0.205561
0.495194 0.345230
0.198487 0.464955
0.612105 0.099503
0.969642 0.376494
0.946528 0.416236
0.333669 0.639782
0.138514 0.969990
0.699303 0.335322
0.353082 0.122082
0.443444 0.060398
0.977386 0.467537
0.091549 0.643241
0.906555 0.167996
0.530551 0.426340
0.717795 0.563664
0.422844 0.128772
0.872630 0.874818
0.974614 0.770040
0.350077 0.886882
0.310726 0.747091
0.903848 0.705610
0.850793 0.124038
0.642605 0.129843
0.129165 0.718963
0.252669 0.770462
0.517218 0.682524
0.335368 0.819372
0.867071 0.652113
0.702616 0.895084
0.209561 0.580796
0.775742 0.040895
0.085298 0.299108

