0.488815
0.488815
0.734367
0.734367
0.465163
0.465163
0.088504
0.088504
0.616199
0.616199
0.804468
0.804468
0.532884
0.532884
0.147099
0.147099
0.368389
0.368389
0.625355
0.625355
0.253639
0.253639
0.186438
0.186438
0.389660
0.389660
0.911283
0.911283
0.043794
0.043794
0.780297
0.780297
0.990417
0.990417
0.135868
0.135868
0.768120
0.768120
0.977538
0.977538
0.595019
0.595019
0.813532
0.813532
0.020631
0.020631
0.084201
0.084201
0.519852
0.519852
0.790490
0.790490
0.376385
0.376385
0.534165
0.534165
0.487564
0.487564
0.327036
0.327036
0.269723
0.269723
0.878140
0.878140

